"","YEAR","STATE","TOTAL","WHITE","BLACK","AIAN","ASIAN","NHPI","OTHER","MIXED","LATINO","whitepercent","blackpercent","aianpercent","asianpercent","nhpipercent","otherpercent","mixedpercent","latinopercent"
"1",2010,"Alabama",4779736,3275394,1251311,28218,53595,3057,96910,71251,185602,0.68526671765972,0.261795002903926,0.0059036733409544,0.0112129623895546,0.000639575072765525,0.0202751783780527,0.0149068902550266,0.0388310149347161
"2",2010,"Alaska",710231,473576,23263,104871,38135,7409,11102,51875,39249,0.666791508678163,0.0327541321063147,0.147657593092951,0.053693798214947,0.0104318172538231,0.0156315339657097,0.0730396166880916,0.0552623019834392
"3",2010,"Arizona",6392017,4667121,259008,296529,176695,12648,761716,218300,1895149,0.730148402296177,0.0405205430461152,0.0463905211766489,0.0276430741657915,0.00197871814170707,0.119166766921928,0.0341519742516329,0.296486852272139
"4",2010,"Arkansas",2915918,2245229,449895,22248,36102,5863,99571,57010,186050,0.769990445547509,0.15428931814955,0.00762984418629056,0.012381006598951,0.0020106875433397,0.0341473937195765,0.0195513042547836,0.063804949247544
"5",2010,"California",37253956,21453934,2299072,362801,4861007,144386,6317372,1815384,14013719,0.575883377325082,0.061713499634777,0.00973858990975348,0.130482974747702,0.00387572262124323,0.169575870009617,0.0487299657518251,0.3761672720073
"6",2010,"Colorado",5029196,4089202,201737,56010,139028,6623,364140,172456,1038687,0.813092589749932,0.0401131711708989,0.0111369690105536,0.0276441801035394,0.00131691029739147,0.072405211489073,0.0342909681786115,0.206531421722279
"7",2010,"Connecticut",3574097,2772410,362296,11256,135565,1428,198466,92676,479087,0.775695231550795,0.10136714252579,0.00314932694887688,0.0379298603255592,0.000399541478588858,0.055528990959115,0.0259299062112752,0.134044207529902
"8",2010,"Delaware",897934,618617,191814,4181,28549,400,30519,23854,73221,0.688933707822624,0.213617036441431,0.00465624422284934,0.0317940962253351,0.000445467038780133,0.0339880213913272,0.0265654268576532,0.0815438551163003
"9",2010,"District Of Columbia",601723,231471,305125,2079,21056,302,24374,17316,54749,0.384680326329557,0.507085486178856,0.00345507816719653,0.0349928455452093,0.00050189206661537,0.0405070107009371,0.0287773610116283,0.0909870488580294
"10",2010,"Florida",18801310,14109162,2999862,71458,454821,12286,681144,472577,4223806,0.750435049472617,0.159556009661029,0.00380069261131272,0.0241909207390336,0.000653465104293265,0.0362285393943294,0.0251353230173855,0.224654877771815
"11",2010,"Georgia",9687653,5787440,2950435,32151,314467,6799,388872,207489,853689,0.597403726165667,0.304556222234632,0.00331876048822145,0.0324605970094098,0.000701821173817848,0.0401409918377547,0.0214178810904974,0.0881213437351648
"12",2010,"Hawaii",1360301,336599,21424,4164,525078,135422,16985,320629,120842,0.247444499415938,0.0157494554514038,0.00306108721525604,0.386001333528388,0.0995529665860718,0.0124862070968117,0.23570445070613,0.088834750544181
"13",2010,"Idaho",1567582,1396487,9810,21441,19069,2317,79523,38935,175901,0.890854194549312,0.00625804583109528,0.0136777533806844,0.0121645948983849,0.00147807259843504,0.0507297225918644,0.0248376161502237,0.112211673775279
"14",2010,"Illinois",12830632,9177877,1866414,43963,586934,4050,861412,289982,2027578,0.715309814824398,0.145465476681118,0.00342640954864889,0.0457447458550756,0.000315650858040352,0.0671371449200632,0.0226007573126562,0.158026354430553
"15",2010,"Indiana",6483802,5467906,591397,18462,102474,2348,173314,127901,389707,0.843317855788934,0.0912114527864978,0.00284740342163441,0.0158046158719838,0.000362133205178073,0.0267303042258231,0.0197262346999492,0.0601047039992893
"16",2010,"Iowa",3046355,2781561,89148,11084,53094,2003,56132,53333,151544,0.913078416665162,0.0292638251287194,0.00363844660257915,0.0174286975746425,0.000657507086337607,0.0184259549527222,0.017507151989837,0.049746007934072
"17",2010,"Kansas",2853118,2391044,167864,28150,67762,2238,110127,85933,300042,0.838045955337284,0.058835281260712,0.0098663987959839,0.0237501568459489,0.00078440499131126,0.0385988241635993,0.0301189786051611,0.105162842896789
"18",2010,"Kentucky",4339367,3809537,337520,10120,48930,2501,55551,75208,132836,0.877901546469796,0.077780929799208,0.00233213738317132,0.0112758381579617,0.000576351343410226,0.012801636736418,0.0173315601100345,0.0306118380860619
"19",2010,"Louisiana",4533372,2836192,1452396,30579,70132,1963,69227,72883,192560,0.625625252019909,0.320378737946059,0.00674531011353138,0.0154701621662639,0.000433011012553128,0.0152705315160547,0.016076995225629,0.0424761082920175
"20",2010,"Maine",1328361,1264971,15707,8568,13571,342,4261,20941,16935,0.952279538468835,0.0118243459421046,0.00645005386336997,0.0102163493207042,0.000257460133201743,0.00320771236132347,0.0157645399104611,0.0127487934379284
"21",2010,"Maryland",5773552,3359284,1700298,20420,318853,3157,206832,164708,470632,0.58184008735004,0.29449773726815,0.00353681754316927,0.0552264879575,0.000546803770018872,0.0358240473109102,0.0285280188002117,0.0815151573935768
"22",2010,"Massachusetts",6547629,5265236,434398,18850,349768,2223,305151,172003,627654,0.804143912246708,0.0663443209748139,0.00287890471497392,0.0534190315303448,0.000339512211214166,0.0466048091606901,0.0262695091612552,0.095859737929562
"23",2010,"Michigan",9883640,7803120,1400362,62007,238199,2604,147029,230319,436358,0.789498605776819,0.14168484485473,0.00627370078230288,0.0241003314568317,0.0002634656867308,0.0148759971022822,0.0233030543403038,0.0441495238596307
"24",2010,"Minnesota",5303925,4524062,274412,60916,214234,2156,103000,125145,250258,0.85296492691733,0.0517375339960501,0.0114850794458821,0.0403915967891703,0.000406491419090579,0.0194195807821566,0.0235947906503203,0.0471835480328247
"25",2010,"Mississippi",2967297,1754684,1098385,15030,25742,1187,38162,34107,81481,0.591340873529006,0.370163485488645,0.00506521591873008,0.00867523540784761,0.000400027364972229,0.0128608629335048,0.0114942993572939,0.0274596712091847
"26",2010,"Missouri",5988927,4958770,693391,27376,98083,6261,80457,124589,212470,0.82798972169806,0.115778836509445,0.00457110263658248,0.0163773911420193,0.00104542933984669,0.0134342929877088,0.0208032256863375,0.0354771397280348
"27",2010,"Montana",989415,884961,4027,62555,6253,668,5975,24976,28565,0.894428525947151,0.0040700818160226,0.0632242284582304,0.00631989610022084,0.000675146424907647,0.00603892198925628,0.0252431992642117,0.028870595250729
"28",2010,"Nebraska",1826341,1572838,82885,18427,32293,1279,79109,39510,167405,0.86119623881849,0.0453830911094916,0.0100895725387537,0.0176818020293034,0.000700307335815163,0.0433155692173586,0.0216334189507874,0.0916614148179338
"29",2010,"Nevada",2700551,1786688,218626,32062,195436,16871,324793,126075,716501,0.661601280627546,0.0809560715572489,0.011872391967417,0.0723689350802855,0.00624724361806165,0.12026915988626,0.0466849172631807,0.265316596501973
"30",2010,"New Hampshire",1316470,1236050,15035,3150,28407,384,12062,21382,36704,0.93891239450956,0.0114206932174679,0.00239276246325401,0.021578159775764,0.000291689138377631,0.00916238121643486,0.0162419196791419,0.0278806201432619
"31",2010,"New Jersey",8791894,6029248,1204826,29026,725726,3043,559722,240303,1555144,0.685773509098267,0.137038276394142,0.0033014501767196,0.0825448987442296,0.000346114272988278,0.0636634154142441,0.0273323358994092,0.176883843231049
"32",2010,"New Mexico",2059179,1407876,42550,193222,28208,1810,308503,77010,953403,0.683707438741362,0.0206635751432974,0.093834484520287,0.0136986633993451,0.000878991093052134,0.149818447060697,0.0373984000419585,0.463001516623858
"33",2010,"New York",19378102,12740974,3073800,106906,1420244,8766,1441563,585849,3416922,0.65749339125163,0.158622345986207,0.00551684576745442,0.073291181974375,0.000452366284376045,0.074391341319186,0.0302325274167718,0.176329033669035
"34",2010,"North Carolina",9535483,6528950,2048628,122110,208962,6604,414030,206199,800120,0.684700502323794,0.214842604197396,0.0128058536730651,0.0219141494982478,0.00069257110520778,0.0434199295410626,0.0216243896612264,0.0839097505600922
"35",2010,"North Dakota",672591,605449,7960,36591,6909,320,3509,11853,13467,0.900174102835155,0.0118348297851146,0.0544030473199909,0.0102722159529343,0.000475772051662898,0.00521713790401596,0.017622894151126,0.0200225694367008
"36",2010,"Ohio",11536504,9539437,1407681,25292,192233,4066,130030,237765,354674,0.826891491564516,0.122019721052409,0.00219234527201655,0.0166630202702656,0.000352446460383492,0.0112711788597308,0.0206097965206791,0.0307436290924876
"37",2010,"Oklahoma",3751351,2706845,277644,321687,65076,4369,154409,221321,332007,0.721565377380043,0.0740117360385632,0.0857523063024494,0.0173473503279219,0.00116464708314418,0.0411609044314968,0.058997678436382,0.0885033152056419
"38",2010,"Oregon",3831074,3204614,69206,53203,141263,13404,204625,144759,450062,0.836479274480211,0.0180643861225338,0.0138872284899744,0.0368729499873926,0.00349875778959112,0.0534119153010357,0.0377854878292615,0.117476718016932
"39",2010,"Pennsylvania",12702379,10406288,1377689,26843,349088,3653,300983,237835,719660,0.819239293678767,0.108459131946858,0.00211322619172361,0.0274820960703503,0.000287583924239703,0.0236950102024196,0.0187236579856419,0.0566555288580194
"40",2010,"Rhode Island",1052567,856869,60189,6058,30457,554,63653,34787,130655,0.814075493531528,0.0571830581806194,0.0057554530970475,0.0289359252190122,0.000526332290486021,0.0604740600835861,0.0330496775977206,0.12412986536724
"41",2010,"South Carolina",4625364,3060000,1290684,19524,59051,2706,113464,79935,235682,0.661569554309672,0.279044849227001,0.00422107319553661,0.0127667790037714,0.000585035037242474,0.024530826114442,0.0172818831123345,0.0509542600322915
"42",2010,"South Dakota",814180,699392,10207,71817,7610,394,7477,17283,22119,0.859013977253187,0.0125365398314869,0.0882077673241789,0.0093468274828662,0.000483922474145766,0.00918347294210125,0.0212274926920337,0.0271672111818025
"43",2010,"Tennessee",6346105,4921948,1057315,19994,91242,3642,141955,110009,290059,0.775585654507765,0.166608494501746,0.00315059394699583,0.0143776379369708,0.000573895326345845,0.0223688388389414,0.0173348849412356,0.045706618469124
"44",2010,"Texas",25145561,17701552,2979598,170972,964596,21656,2628186,679001,9460921,0.703963295947145,0.118493995818984,0.00679929153300656,0.0383604883581639,0.000861225565816567,0.104518885062855,0.0270028177140291,0.376246169254287
"45",2010,"Utah",2763885,2379560,29287,32927,55285,24554,166754,75518,358340,0.860947543041769,0.0105963164169276,0.0119133031945975,0.0200026412097464,0.00888387179640253,0.0603331904185594,0.0273231339219975,0.129650835689618
"46",2010,"Vermont",625741,596292,6277,2207,7947,160,2105,10753,9208,0.952937397421617,0.01003130688256,0.00352701836702406,0.0127001427108021,0.000255696845819596,0.00336401162781406,0.0171844261443632,0.0147153534769178
"47",2010,"Virginia",8001024,5486852,1551399,29225,439890,5980,254278,233400,631825,0.685768721603635,0.193900055792859,0.00365265745984514,0.0549792126607794,0.000747404332245473,0.0317806820726947,0.029171266077942,0.078968017093812
"48",2010,"Washington",6724540,5196362,240042,103869,481067,40475,349799,312926,755790,0.772746091182445,0.0356964193833333,0.0154462610081879,0.071539019769382,0.00601899906908131,0.052018279317247,0.0465349302703233,0.112392817947399
"49",2010,"West Virginia",1852994,1739988,63124,3787,12406,428,6119,27142,22268,0.939014373495003,0.0340659494849956,0.00204371951555159,0.00669511072351017,0.000230977542291017,0.0033022233207447,0.0146476459179037,0.0120173082049915
"50",2010,"Wisconsin",5686986,4902067,359148,54526,129234,1827,135867,104317,336056,0.861979790349405,0.0631526084291398,0.00958785550025972,0.0227245152353109,0.000321259802644142,0.0238908624005756,0.018343108282665,0.0590921095990038
"51",2010,"Wyoming",563626,511279,4748,13336,4426,427,17049,12361,50231,0.907124582613293,0.00842402586112067,0.0236610802198621,0.00785272503397643,0.000757594575126059,0.0302487819937334,0.0219312097028881,0.0891211548083303
"52",2010,"Puerto Rico",3725789,2825100,461498,19839,6831,370,289905,122246,3688455,0.758255499707579,0.123865844254734,0.00532477818792208,0.00183343715921648,9.93078244634895e-05,0.0778103644623998,0.0328107684036858,0.989979572112108
